{
 "cells": [
  {
   "cell_type": "code",
   "execution_count": 99,
   "id": "46d896d7",
   "metadata": {},
   "outputs": [],
   "source": [
    "import pytz\n",
    "from datetime import datetime, timedelta\n",
    "from gym_mtsim import MtSimulator, OrderType, Timeframe, FOREX_DATA_PATH\n",
    "import matplotlib.pyplot as plt\n",
    "\n",
    "selected_symbol = ['EURUSD', 'GBPCAD', 'GBPUSD', 'USDCAD', 'USDCHF', 'GBPJPY', 'USDJPY']\n",
    "file_name = '4H_train_final.pkl'\n",
    "\n",
    "# Create sim\n",
    "sim = MtSimulator(\n",
    "    unit='USD',\n",
    "    balance=10000.,\n",
    "    leverage=100.,\n",
    "    stop_out_level=0.2,\n",
    "    hedge=False,\n",
    ")\n",
    "\n",
    "# Load or create new file\n",
    "if not sim.load_symbols(file_name):\n",
    "    sim.download_data(\n",
    "        symbols = selected_symbol,\n",
    "        time_range=(\n",
    "            datetime(2021, 4, 15, tzinfo=pytz.UTC),\n",
    "            datetime(2022, 1, 15, tzinfo=pytz.UTC)\n",
    "        ),\n",
    "        timeframe=Timeframe.H4\n",
    "        #timeframe=Timeframe.D1\n",
    "    )"
   ]
  },
  {
   "cell_type": "code",
   "execution_count": 100,
   "id": "62c88a71",
   "metadata": {},
   "outputs": [
    {
     "data": {
      "text/plain": [
       "{'EURUSD':                               open    close      low     high  volume\n",
       " Time                                                                 \n",
       " 2021-04-15 00:00:00+00:00  1.19781  1.19861  1.19761  1.19884    3168\n",
       " 2021-04-15 04:00:00+00:00  1.19860  1.19704  1.19698  1.19897    5255\n",
       " 2021-04-15 08:00:00+00:00  1.19704  1.19808  1.19702  1.19901    8555\n",
       " 2021-04-15 12:00:00+00:00  1.19808  1.19583  1.19571  1.19933    9949\n",
       " 2021-04-15 16:00:00+00:00  1.19583  1.19709  1.19561  1.19840   12310\n",
       " ...                            ...      ...      ...      ...     ...\n",
       " 2022-01-14 04:00:00+00:00  1.14662  1.14789  1.14625  1.14829    4748\n",
       " 2022-01-14 08:00:00+00:00  1.14790  1.14583  1.14574  1.14806   10945\n",
       " 2022-01-14 12:00:00+00:00  1.14583  1.14383  1.14332  1.14612   13197\n",
       " 2022-01-14 16:00:00+00:00  1.14382  1.14024  1.13987  1.14500   20770\n",
       " 2022-01-14 20:00:00+00:00  1.14024  1.14151  1.14015  1.14179    5829\n",
       " \n",
       " [1182 rows x 5 columns],\n",
       " 'GBPCAD':                               open    close      low     high  volume\n",
       " Time                                                                 \n",
       " 2021-04-15 00:00:00+00:00  1.72483  1.72497  1.72355  1.72523    4177\n",
       " 2021-04-15 04:00:00+00:00  1.72491  1.72429  1.72395  1.72505    6939\n",
       " 2021-04-15 08:00:00+00:00  1.72429  1.72032  1.72030  1.72575   10369\n",
       " 2021-04-15 12:00:00+00:00  1.72032  1.72542  1.71965  1.72573   13654\n",
       " 2021-04-15 16:00:00+00:00  1.72542  1.72890  1.72222  1.73073   18697\n",
       " ...                            ...      ...      ...      ...     ...\n",
       " 2022-01-14 04:00:00+00:00  1.71659  1.71517  1.71517  1.71782    6657\n",
       " 2022-01-14 08:00:00+00:00  1.71518  1.71422  1.71273  1.71626   14958\n",
       " 2022-01-14 12:00:00+00:00  1.71422  1.71621  1.71272  1.71770   19495\n",
       " 2022-01-14 16:00:00+00:00  1.71621  1.71561  1.71236  1.71718   34148\n",
       " 2022-01-14 20:00:00+00:00  1.71561  1.71616  1.71545  1.71876   10173\n",
       " \n",
       " [1182 rows x 5 columns],\n",
       " 'GBPUSD':                               open    close      low     high  volume\n",
       " Time                                                                 \n",
       " 2021-04-15 00:00:00+00:00  1.37773  1.37904  1.37723  1.37916    4372\n",
       " 2021-04-15 04:00:00+00:00  1.37901  1.37660  1.37644  1.37941    5386\n",
       " 2021-04-15 08:00:00+00:00  1.37660  1.37777  1.37648  1.37980    9462\n",
       " 2021-04-15 12:00:00+00:00  1.37777  1.37848  1.37611  1.38085   10049\n",
       " 2021-04-15 16:00:00+00:00  1.37848  1.37859  1.37713  1.37947   13929\n",
       " ...                            ...      ...      ...      ...     ...\n",
       " 2022-01-14 04:00:00+00:00  1.37121  1.37327  1.37113  1.37374    5077\n",
       " 2022-01-14 08:00:00+00:00  1.37327  1.37339  1.37159  1.37432   10244\n",
       " 2022-01-14 12:00:00+00:00  1.37340  1.37001  1.36949  1.37340   14543\n",
       " 2022-01-14 16:00:00+00:00  1.37001  1.36554  1.36535  1.37043   20076\n",
       " 2022-01-14 20:00:00+00:00  1.36555  1.36793  1.36533  1.36838    6140\n",
       " \n",
       " [1182 rows x 5 columns],\n",
       " 'USDCAD':                               open    close      low     high  volume\n",
       " Time                                                                 \n",
       " 2021-04-15 00:00:00+00:00  1.25194  1.25085  1.25068  1.25216    3373\n",
       " 2021-04-15 04:00:00+00:00  1.25081  1.25256  1.25045  1.25263    5857\n",
       " 2021-04-15 08:00:00+00:00  1.25257  1.24865  1.24823  1.25286    7507\n",
       " 2021-04-15 12:00:00+00:00  1.24865  1.25167  1.24768  1.25191    7744\n",
       " 2021-04-15 16:00:00+00:00  1.25168  1.25406  1.25038  1.25584   12947\n",
       " ...                            ...      ...      ...      ...     ...\n",
       " 2022-01-14 04:00:00+00:00  1.25190  1.24901  1.24891  1.25218    5754\n",
       " 2022-01-14 08:00:00+00:00  1.24900  1.24816  1.24703  1.25045   11380\n",
       " 2022-01-14 12:00:00+00:00  1.24824  1.25271  1.24769  1.25353    9413\n",
       " 2022-01-14 16:00:00+00:00  1.25271  1.25642  1.25089  1.25654   21383\n",
       " 2022-01-14 20:00:00+00:00  1.25642  1.25446  1.25405  1.25704    7295\n",
       " \n",
       " [1182 rows x 5 columns],\n",
       " 'USDCHF':                               open    close      low     high  volume\n",
       " Time                                                                 \n",
       " 2021-04-15 00:00:00+00:00  0.92239  0.92264  0.92162  0.92317    2891\n",
       " 2021-04-15 04:00:00+00:00  0.92265  0.92375  0.92237  0.92399    3412\n",
       " 2021-04-15 08:00:00+00:00  0.92375  0.92264  0.92173  0.92375    5149\n",
       " 2021-04-15 12:00:00+00:00  0.92265  0.92446  0.92137  0.92458    6219\n",
       " 2021-04-15 16:00:00+00:00  0.92445  0.92236  0.92064  0.92454    8573\n",
       " ...                            ...      ...      ...      ...     ...\n",
       " 2022-01-14 04:00:00+00:00  0.91071  0.90973  0.90954  0.91086    2395\n",
       " 2022-01-14 08:00:00+00:00  0.90970  0.91099  0.90947  0.91101    7739\n",
       " 2022-01-14 12:00:00+00:00  0.91098  0.91134  0.91015  0.91192   10187\n",
       " 2022-01-14 16:00:00+00:00  0.91133  0.91408  0.91018  0.91419   14404\n",
       " 2022-01-14 20:00:00+00:00  0.91409  0.91377  0.91324  0.91411    5180\n",
       " \n",
       " [1182 rows x 5 columns],\n",
       " 'GBPJPY':                               open    close      low     high  volume\n",
       " Time                                                                 \n",
       " 2021-04-15 00:00:00+00:00  150.056  150.146  149.968  150.167    6936\n",
       " 2021-04-15 04:00:00+00:00  150.146  149.869  149.837  150.159    8517\n",
       " 2021-04-15 08:00:00+00:00  149.869  149.866  149.859  150.201   13038\n",
       " 2021-04-15 12:00:00+00:00  149.866  149.984  149.757  150.142   14660\n",
       " 2021-04-15 16:00:00+00:00  149.983  149.850  149.684  149.992   19008\n",
       " ...                            ...      ...      ...      ...     ...\n",
       " 2022-01-14 04:00:00+00:00  156.097  156.167  156.002  156.247   10512\n",
       " 2022-01-14 08:00:00+00:00  156.167  156.443  155.993  156.462   15424\n",
       " 2022-01-14 12:00:00+00:00  156.443  155.596  155.457  156.519   21000\n",
       " 2022-01-14 16:00:00+00:00  155.598  155.842  155.489  155.889   30866\n",
       " 2022-01-14 20:00:00+00:00  155.843  156.221  155.778  156.288    8378\n",
       " \n",
       " [1182 rows x 5 columns],\n",
       " 'USDJPY':                               open    close      low     high  volume\n",
       " Time                                                                 \n",
       " 2021-04-15 00:00:00+00:00  108.912  108.875  108.821  108.965    4619\n",
       " 2021-04-15 04:00:00+00:00  108.875  108.869  108.803  108.932    4929\n",
       " 2021-04-15 08:00:00+00:00  108.869  108.773  108.701  108.958    6867\n",
       " 2021-04-15 12:00:00+00:00  108.773  108.800  108.664  108.878    8008\n",
       " 2021-04-15 16:00:00+00:00  108.801  108.696  108.611  108.807   10396\n",
       " ...                            ...      ...      ...      ...     ...\n",
       " 2022-01-14 04:00:00+00:00  113.841  113.723  113.635  113.895    8397\n",
       " 2022-01-14 08:00:00+00:00  113.723  113.909  113.689  113.932   10943\n",
       " 2022-01-14 12:00:00+00:00  113.909  113.574  113.480  113.991   12783\n",
       " 2022-01-14 16:00:00+00:00  113.574  114.127  113.500  114.144   19122\n",
       " 2022-01-14 20:00:00+00:00  114.127  114.198  114.015  114.261    4952\n",
       " \n",
       " [1182 rows x 5 columns]}"
      ]
     },
     "execution_count": 100,
     "metadata": {},
     "output_type": "execute_result"
    }
   ],
   "source": [
    "df = sim.symbols_data\n",
    "\n",
    "for i in selected_symbol:\n",
    "    df[i] = df[i].rename(columns=str.lower)\n",
    "\n",
    "df"
   ]
  },
  {
   "cell_type": "markdown",
   "id": "158c04f1",
   "metadata": {},
   "source": [
    "# Change volume data type to float"
   ]
  },
  {
   "cell_type": "code",
   "execution_count": 101,
   "id": "dd8d5d09",
   "metadata": {},
   "outputs": [
    {
     "name": "stdout",
     "output_type": "stream",
     "text": [
      "open      float64\n",
      "close     float64\n",
      "low       float64\n",
      "high      float64\n",
      "volume    float64\n",
      "dtype: object\n"
     ]
    }
   ],
   "source": [
    "for symbol in range(0,len(selected_symbol)):\n",
    "    #print(type(sim.symbols_data[selected_symbol[symbol]]))\n",
    "    df[selected_symbol[symbol]]['volume'] = df[selected_symbol[symbol]]['volume'].astype(float)\n",
    "print(df[selected_symbol[2]].dtypes)"
   ]
  },
  {
   "cell_type": "markdown",
   "id": "ccf0e5a1",
   "metadata": {},
   "source": [
    "## Add indicator for each selected_symbol"
   ]
  },
  {
   "cell_type": "code",
   "execution_count": 102,
   "id": "746d8fc8",
   "metadata": {},
   "outputs": [
    {
     "data": {
      "text/html": [
       "<div>\n",
       "<style scoped>\n",
       "    .dataframe tbody tr th:only-of-type {\n",
       "        vertical-align: middle;\n",
       "    }\n",
       "\n",
       "    .dataframe tbody tr th {\n",
       "        vertical-align: top;\n",
       "    }\n",
       "\n",
       "    .dataframe thead th {\n",
       "        text-align: right;\n",
       "    }\n",
       "</style>\n",
       "<table border=\"1\" class=\"dataframe\">\n",
       "  <thead>\n",
       "    <tr style=\"text-align: right;\">\n",
       "      <th></th>\n",
       "      <th>open</th>\n",
       "      <th>close</th>\n",
       "      <th>low</th>\n",
       "      <th>high</th>\n",
       "      <th>volume</th>\n",
       "      <th>MFI</th>\n",
       "      <th>OBV</th>\n",
       "      <th>EFI</th>\n",
       "      <th>CFI</th>\n",
       "      <th>EMV</th>\n",
       "      <th>...</th>\n",
       "      <th>STC</th>\n",
       "      <th>RSI</th>\n",
       "      <th>STOCHRSI</th>\n",
       "      <th>UO</th>\n",
       "      <th>STOCH</th>\n",
       "      <th>STOCHD</th>\n",
       "      <th>WILLIAMS</th>\n",
       "      <th>AO</th>\n",
       "      <th>KAMA</th>\n",
       "      <th>ROC</th>\n",
       "    </tr>\n",
       "    <tr>\n",
       "      <th>Time</th>\n",
       "      <th></th>\n",
       "      <th></th>\n",
       "      <th></th>\n",
       "      <th></th>\n",
       "      <th></th>\n",
       "      <th></th>\n",
       "      <th></th>\n",
       "      <th></th>\n",
       "      <th></th>\n",
       "      <th></th>\n",
       "      <th></th>\n",
       "      <th></th>\n",
       "      <th></th>\n",
       "      <th></th>\n",
       "      <th></th>\n",
       "      <th></th>\n",
       "      <th></th>\n",
       "      <th></th>\n",
       "      <th></th>\n",
       "      <th></th>\n",
       "      <th></th>\n",
       "    </tr>\n",
       "  </thead>\n",
       "  <tbody>\n",
       "    <tr>\n",
       "      <th>2021-04-15 00:00:00+00:00</th>\n",
       "      <td>1.19781</td>\n",
       "      <td>1.19861</td>\n",
       "      <td>1.19761</td>\n",
       "      <td>1.19884</td>\n",
       "      <td>3168.0</td>\n",
       "      <td>NaN</td>\n",
       "      <td>NaN</td>\n",
       "      <td>NaN</td>\n",
       "      <td>NaN</td>\n",
       "      <td>NaN</td>\n",
       "      <td>...</td>\n",
       "      <td>NaN</td>\n",
       "      <td>NaN</td>\n",
       "      <td>NaN</td>\n",
       "      <td>NaN</td>\n",
       "      <td>NaN</td>\n",
       "      <td>NaN</td>\n",
       "      <td>NaN</td>\n",
       "      <td>NaN</td>\n",
       "      <td>NaN</td>\n",
       "      <td>NaN</td>\n",
       "    </tr>\n",
       "    <tr>\n",
       "      <th>2021-04-15 04:00:00+00:00</th>\n",
       "      <td>1.19860</td>\n",
       "      <td>1.19704</td>\n",
       "      <td>1.19698</td>\n",
       "      <td>1.19897</td>\n",
       "      <td>5255.0</td>\n",
       "      <td>NaN</td>\n",
       "      <td>-5255.0</td>\n",
       "      <td>-8.250350</td>\n",
       "      <td>NaN</td>\n",
       "      <td>NaN</td>\n",
       "      <td>...</td>\n",
       "      <td>NaN</td>\n",
       "      <td>0.000000</td>\n",
       "      <td>NaN</td>\n",
       "      <td>NaN</td>\n",
       "      <td>NaN</td>\n",
       "      <td>NaN</td>\n",
       "      <td>NaN</td>\n",
       "      <td>NaN</td>\n",
       "      <td>NaN</td>\n",
       "      <td>NaN</td>\n",
       "    </tr>\n",
       "    <tr>\n",
       "      <th>2021-04-15 08:00:00+00:00</th>\n",
       "      <td>1.19704</td>\n",
       "      <td>1.19808</td>\n",
       "      <td>1.19702</td>\n",
       "      <td>1.19901</td>\n",
       "      <td>8555.0</td>\n",
       "      <td>NaN</td>\n",
       "      <td>3300.0</td>\n",
       "      <td>0.982946</td>\n",
       "      <td>NaN</td>\n",
       "      <td>NaN</td>\n",
       "      <td>...</td>\n",
       "      <td>NaN</td>\n",
       "      <td>41.635688</td>\n",
       "      <td>NaN</td>\n",
       "      <td>NaN</td>\n",
       "      <td>NaN</td>\n",
       "      <td>NaN</td>\n",
       "      <td>NaN</td>\n",
       "      <td>NaN</td>\n",
       "      <td>NaN</td>\n",
       "      <td>NaN</td>\n",
       "    </tr>\n",
       "    <tr>\n",
       "      <th>2021-04-15 12:00:00+00:00</th>\n",
       "      <td>1.19808</td>\n",
       "      <td>1.19583</td>\n",
       "      <td>1.19571</td>\n",
       "      <td>1.19933</td>\n",
       "      <td>9949.0</td>\n",
       "      <td>NaN</td>\n",
       "      <td>-6649.0</td>\n",
       "      <td>-8.033130</td>\n",
       "      <td>NaN</td>\n",
       "      <td>NaN</td>\n",
       "      <td>...</td>\n",
       "      <td>NaN</td>\n",
       "      <td>21.134199</td>\n",
       "      <td>NaN</td>\n",
       "      <td>NaN</td>\n",
       "      <td>NaN</td>\n",
       "      <td>NaN</td>\n",
       "      <td>NaN</td>\n",
       "      <td>NaN</td>\n",
       "      <td>NaN</td>\n",
       "      <td>NaN</td>\n",
       "    </tr>\n",
       "    <tr>\n",
       "      <th>2021-04-15 16:00:00+00:00</th>\n",
       "      <td>1.19583</td>\n",
       "      <td>1.19709</td>\n",
       "      <td>1.19561</td>\n",
       "      <td>1.19840</td>\n",
       "      <td>12310.0</td>\n",
       "      <td>NaN</td>\n",
       "      <td>5661.0</td>\n",
       "      <td>-0.724985</td>\n",
       "      <td>NaN</td>\n",
       "      <td>NaN</td>\n",
       "      <td>...</td>\n",
       "      <td>NaN</td>\n",
       "      <td>39.191622</td>\n",
       "      <td>NaN</td>\n",
       "      <td>NaN</td>\n",
       "      <td>NaN</td>\n",
       "      <td>NaN</td>\n",
       "      <td>NaN</td>\n",
       "      <td>NaN</td>\n",
       "      <td>NaN</td>\n",
       "      <td>NaN</td>\n",
       "    </tr>\n",
       "  </tbody>\n",
       "</table>\n",
       "<p>5 rows × 31 columns</p>\n",
       "</div>"
      ],
      "text/plain": [
       "                              open    close      low     high   volume  MFI  \\\n",
       "Time                                                                          \n",
       "2021-04-15 00:00:00+00:00  1.19781  1.19861  1.19761  1.19884   3168.0  NaN   \n",
       "2021-04-15 04:00:00+00:00  1.19860  1.19704  1.19698  1.19897   5255.0  NaN   \n",
       "2021-04-15 08:00:00+00:00  1.19704  1.19808  1.19702  1.19901   8555.0  NaN   \n",
       "2021-04-15 12:00:00+00:00  1.19808  1.19583  1.19571  1.19933   9949.0  NaN   \n",
       "2021-04-15 16:00:00+00:00  1.19583  1.19709  1.19561  1.19840  12310.0  NaN   \n",
       "\n",
       "                              OBV       EFI  CFI  EMV  ...  STC        RSI  \\\n",
       "Time                                                   ...                   \n",
       "2021-04-15 00:00:00+00:00     NaN       NaN  NaN  NaN  ...  NaN        NaN   \n",
       "2021-04-15 04:00:00+00:00 -5255.0 -8.250350  NaN  NaN  ...  NaN   0.000000   \n",
       "2021-04-15 08:00:00+00:00  3300.0  0.982946  NaN  NaN  ...  NaN  41.635688   \n",
       "2021-04-15 12:00:00+00:00 -6649.0 -8.033130  NaN  NaN  ...  NaN  21.134199   \n",
       "2021-04-15 16:00:00+00:00  5661.0 -0.724985  NaN  NaN  ...  NaN  39.191622   \n",
       "\n",
       "                           STOCHRSI  UO  STOCH  STOCHD  WILLIAMS  AO  KAMA  \\\n",
       "Time                                                                         \n",
       "2021-04-15 00:00:00+00:00       NaN NaN    NaN     NaN       NaN NaN   NaN   \n",
       "2021-04-15 04:00:00+00:00       NaN NaN    NaN     NaN       NaN NaN   NaN   \n",
       "2021-04-15 08:00:00+00:00       NaN NaN    NaN     NaN       NaN NaN   NaN   \n",
       "2021-04-15 12:00:00+00:00       NaN NaN    NaN     NaN       NaN NaN   NaN   \n",
       "2021-04-15 16:00:00+00:00       NaN NaN    NaN     NaN       NaN NaN   NaN   \n",
       "\n",
       "                           ROC  \n",
       "Time                            \n",
       "2021-04-15 00:00:00+00:00  NaN  \n",
       "2021-04-15 04:00:00+00:00  NaN  \n",
       "2021-04-15 08:00:00+00:00  NaN  \n",
       "2021-04-15 12:00:00+00:00  NaN  \n",
       "2021-04-15 16:00:00+00:00  NaN  \n",
       "\n",
       "[5 rows x 31 columns]"
      ]
     },
     "execution_count": 102,
     "metadata": {},
     "output_type": "execute_result"
    }
   ],
   "source": [
    "from finta import TA\n",
    "\n",
    "moving_average = 15\n",
    "\n",
    "for symbol in range(0,len(selected_symbol)):\n",
    "    # Volume\n",
    "    df[selected_symbol[symbol]]['MFI'] = TA.MFI(df[selected_symbol[symbol]])\n",
    "    df[selected_symbol[symbol]]['OBV'] = TA.OBV(df[selected_symbol[symbol]])\n",
    "    df[selected_symbol[symbol]]['EFI'] = TA.EFI(df[selected_symbol[symbol]])\n",
    "    df[selected_symbol[symbol]]['CFI'] = TA.CFI(df[selected_symbol[symbol]])\n",
    "    df[selected_symbol[symbol]]['EMV'] = TA.EMV(df[selected_symbol[symbol]])\n",
    "    df[selected_symbol[symbol]]['VPT'] = TA.VPT(df[selected_symbol[symbol]])\n",
    "    df[selected_symbol[symbol]]['VWAP'] = TA.VWAP(df[selected_symbol[symbol]])\n",
    "    \n",
    "    # Volatility\n",
    "    df[selected_symbol[symbol]]['ATR'] = TA.ATR(df[selected_symbol[symbol]])\n",
    "    \n",
    "    # Trend\n",
    "    df[selected_symbol[symbol]]['SMA'] = TA.SMA(df[selected_symbol[symbol]], moving_average)\n",
    "    df[selected_symbol[symbol]]['EMA'] = TA.EMA(df[selected_symbol[symbol]], moving_average)\n",
    "    df[selected_symbol[symbol]]['WMA'] = TA.WMA(df[selected_symbol[symbol]])\n",
    "    df[selected_symbol[symbol]]['ADX'] = TA.ADX(df[selected_symbol[symbol]])\n",
    "    df[selected_symbol[symbol]]['TRIX'] = TA.TRIX(df[selected_symbol[symbol]])\n",
    "    df[selected_symbol[symbol]]['MI'] = TA.MI(df[selected_symbol[symbol]])\n",
    "    df[selected_symbol[symbol]]['CCI'] = TA.CCI(df[selected_symbol[symbol]])\n",
    "    df[selected_symbol[symbol]]['SAR'] = TA.SAR(df[selected_symbol[symbol]])\n",
    "    df[selected_symbol[symbol]]['STC'] = TA.STC(df[selected_symbol[symbol]])\n",
    "    \n",
    "    # Momentum\n",
    "    df[selected_symbol[symbol]]['RSI'] = TA.RSI(df[selected_symbol[symbol]])\n",
    "    df[selected_symbol[symbol]]['STOCHRSI'] = TA.STOCHRSI(df[selected_symbol[symbol]])\n",
    "    df[selected_symbol[symbol]]['UO'] = TA.UO(df[selected_symbol[symbol]])\n",
    "    df[selected_symbol[symbol]]['STOCH'] = TA.STOCH(df[selected_symbol[symbol]])\n",
    "    df[selected_symbol[symbol]]['STOCHD'] = TA.STOCHD(df[selected_symbol[symbol]])\n",
    "    df[selected_symbol[symbol]]['WILLIAMS'] = TA.WILLIAMS(df[selected_symbol[symbol]])\n",
    "    df[selected_symbol[symbol]]['OBV'] = TA.OBV(df[selected_symbol[symbol]])\n",
    "    df[selected_symbol[symbol]]['AO'] = TA.AO(df[selected_symbol[symbol]])\n",
    "    df[selected_symbol[symbol]]['KAMA'] = TA.KAMA(df[selected_symbol[symbol]])\n",
    "    df[selected_symbol[symbol]]['ROC'] = TA.ROC(df[selected_symbol[symbol]])\n",
    "\n",
    "df[selected_symbol[0]].head()"
   ]
  },
  {
   "cell_type": "code",
   "execution_count": 103,
   "id": "2ab76b4f",
   "metadata": {},
   "outputs": [
    {
     "data": {
      "text/html": [
       "<div>\n",
       "<style scoped>\n",
       "    .dataframe tbody tr th:only-of-type {\n",
       "        vertical-align: middle;\n",
       "    }\n",
       "\n",
       "    .dataframe tbody tr th {\n",
       "        vertical-align: top;\n",
       "    }\n",
       "\n",
       "    .dataframe thead th {\n",
       "        text-align: right;\n",
       "    }\n",
       "</style>\n",
       "<table border=\"1\" class=\"dataframe\">\n",
       "  <thead>\n",
       "    <tr style=\"text-align: right;\">\n",
       "      <th></th>\n",
       "      <th>open</th>\n",
       "      <th>close</th>\n",
       "      <th>low</th>\n",
       "      <th>high</th>\n",
       "      <th>volume</th>\n",
       "      <th>MFI</th>\n",
       "      <th>OBV</th>\n",
       "      <th>EFI</th>\n",
       "      <th>CFI</th>\n",
       "      <th>EMV</th>\n",
       "      <th>...</th>\n",
       "      <th>STC</th>\n",
       "      <th>RSI</th>\n",
       "      <th>STOCHRSI</th>\n",
       "      <th>UO</th>\n",
       "      <th>STOCH</th>\n",
       "      <th>STOCHD</th>\n",
       "      <th>WILLIAMS</th>\n",
       "      <th>AO</th>\n",
       "      <th>KAMA</th>\n",
       "      <th>ROC</th>\n",
       "    </tr>\n",
       "    <tr>\n",
       "      <th>Time</th>\n",
       "      <th></th>\n",
       "      <th></th>\n",
       "      <th></th>\n",
       "      <th></th>\n",
       "      <th></th>\n",
       "      <th></th>\n",
       "      <th></th>\n",
       "      <th></th>\n",
       "      <th></th>\n",
       "      <th></th>\n",
       "      <th></th>\n",
       "      <th></th>\n",
       "      <th></th>\n",
       "      <th></th>\n",
       "      <th></th>\n",
       "      <th></th>\n",
       "      <th></th>\n",
       "      <th></th>\n",
       "      <th></th>\n",
       "      <th></th>\n",
       "      <th></th>\n",
       "    </tr>\n",
       "  </thead>\n",
       "  <tbody>\n",
       "    <tr>\n",
       "      <th>2021-04-15 00:00:00+00:00</th>\n",
       "      <td>1.19781</td>\n",
       "      <td>1.19861</td>\n",
       "      <td>1.19761</td>\n",
       "      <td>1.19884</td>\n",
       "      <td>3168.0</td>\n",
       "      <td>0.0</td>\n",
       "      <td>0.0</td>\n",
       "      <td>0.000000</td>\n",
       "      <td>0.0</td>\n",
       "      <td>0.0</td>\n",
       "      <td>...</td>\n",
       "      <td>0.0</td>\n",
       "      <td>0.000000</td>\n",
       "      <td>0.0</td>\n",
       "      <td>0.0</td>\n",
       "      <td>0.0</td>\n",
       "      <td>0.0</td>\n",
       "      <td>0.0</td>\n",
       "      <td>0.0</td>\n",
       "      <td>0.0</td>\n",
       "      <td>0.0</td>\n",
       "    </tr>\n",
       "    <tr>\n",
       "      <th>2021-04-15 04:00:00+00:00</th>\n",
       "      <td>1.19860</td>\n",
       "      <td>1.19704</td>\n",
       "      <td>1.19698</td>\n",
       "      <td>1.19897</td>\n",
       "      <td>5255.0</td>\n",
       "      <td>0.0</td>\n",
       "      <td>-5255.0</td>\n",
       "      <td>-8.250350</td>\n",
       "      <td>0.0</td>\n",
       "      <td>0.0</td>\n",
       "      <td>...</td>\n",
       "      <td>0.0</td>\n",
       "      <td>0.000000</td>\n",
       "      <td>0.0</td>\n",
       "      <td>0.0</td>\n",
       "      <td>0.0</td>\n",
       "      <td>0.0</td>\n",
       "      <td>0.0</td>\n",
       "      <td>0.0</td>\n",
       "      <td>0.0</td>\n",
       "      <td>0.0</td>\n",
       "    </tr>\n",
       "    <tr>\n",
       "      <th>2021-04-15 08:00:00+00:00</th>\n",
       "      <td>1.19704</td>\n",
       "      <td>1.19808</td>\n",
       "      <td>1.19702</td>\n",
       "      <td>1.19901</td>\n",
       "      <td>8555.0</td>\n",
       "      <td>0.0</td>\n",
       "      <td>3300.0</td>\n",
       "      <td>0.982946</td>\n",
       "      <td>0.0</td>\n",
       "      <td>0.0</td>\n",
       "      <td>...</td>\n",
       "      <td>0.0</td>\n",
       "      <td>41.635688</td>\n",
       "      <td>0.0</td>\n",
       "      <td>0.0</td>\n",
       "      <td>0.0</td>\n",
       "      <td>0.0</td>\n",
       "      <td>0.0</td>\n",
       "      <td>0.0</td>\n",
       "      <td>0.0</td>\n",
       "      <td>0.0</td>\n",
       "    </tr>\n",
       "    <tr>\n",
       "      <th>2021-04-15 12:00:00+00:00</th>\n",
       "      <td>1.19808</td>\n",
       "      <td>1.19583</td>\n",
       "      <td>1.19571</td>\n",
       "      <td>1.19933</td>\n",
       "      <td>9949.0</td>\n",
       "      <td>0.0</td>\n",
       "      <td>-6649.0</td>\n",
       "      <td>-8.033130</td>\n",
       "      <td>0.0</td>\n",
       "      <td>0.0</td>\n",
       "      <td>...</td>\n",
       "      <td>0.0</td>\n",
       "      <td>21.134199</td>\n",
       "      <td>0.0</td>\n",
       "      <td>0.0</td>\n",
       "      <td>0.0</td>\n",
       "      <td>0.0</td>\n",
       "      <td>0.0</td>\n",
       "      <td>0.0</td>\n",
       "      <td>0.0</td>\n",
       "      <td>0.0</td>\n",
       "    </tr>\n",
       "    <tr>\n",
       "      <th>2021-04-15 16:00:00+00:00</th>\n",
       "      <td>1.19583</td>\n",
       "      <td>1.19709</td>\n",
       "      <td>1.19561</td>\n",
       "      <td>1.19840</td>\n",
       "      <td>12310.0</td>\n",
       "      <td>0.0</td>\n",
       "      <td>5661.0</td>\n",
       "      <td>-0.724985</td>\n",
       "      <td>0.0</td>\n",
       "      <td>0.0</td>\n",
       "      <td>...</td>\n",
       "      <td>0.0</td>\n",
       "      <td>39.191622</td>\n",
       "      <td>0.0</td>\n",
       "      <td>0.0</td>\n",
       "      <td>0.0</td>\n",
       "      <td>0.0</td>\n",
       "      <td>0.0</td>\n",
       "      <td>0.0</td>\n",
       "      <td>0.0</td>\n",
       "      <td>0.0</td>\n",
       "    </tr>\n",
       "  </tbody>\n",
       "</table>\n",
       "<p>5 rows × 31 columns</p>\n",
       "</div>"
      ],
      "text/plain": [
       "                              open    close      low     high   volume  MFI  \\\n",
       "Time                                                                          \n",
       "2021-04-15 00:00:00+00:00  1.19781  1.19861  1.19761  1.19884   3168.0  0.0   \n",
       "2021-04-15 04:00:00+00:00  1.19860  1.19704  1.19698  1.19897   5255.0  0.0   \n",
       "2021-04-15 08:00:00+00:00  1.19704  1.19808  1.19702  1.19901   8555.0  0.0   \n",
       "2021-04-15 12:00:00+00:00  1.19808  1.19583  1.19571  1.19933   9949.0  0.0   \n",
       "2021-04-15 16:00:00+00:00  1.19583  1.19709  1.19561  1.19840  12310.0  0.0   \n",
       "\n",
       "                              OBV       EFI  CFI  EMV  ...  STC        RSI  \\\n",
       "Time                                                   ...                   \n",
       "2021-04-15 00:00:00+00:00     0.0  0.000000  0.0  0.0  ...  0.0   0.000000   \n",
       "2021-04-15 04:00:00+00:00 -5255.0 -8.250350  0.0  0.0  ...  0.0   0.000000   \n",
       "2021-04-15 08:00:00+00:00  3300.0  0.982946  0.0  0.0  ...  0.0  41.635688   \n",
       "2021-04-15 12:00:00+00:00 -6649.0 -8.033130  0.0  0.0  ...  0.0  21.134199   \n",
       "2021-04-15 16:00:00+00:00  5661.0 -0.724985  0.0  0.0  ...  0.0  39.191622   \n",
       "\n",
       "                           STOCHRSI   UO  STOCH  STOCHD  WILLIAMS   AO  KAMA  \\\n",
       "Time                                                                           \n",
       "2021-04-15 00:00:00+00:00       0.0  0.0    0.0     0.0       0.0  0.0   0.0   \n",
       "2021-04-15 04:00:00+00:00       0.0  0.0    0.0     0.0       0.0  0.0   0.0   \n",
       "2021-04-15 08:00:00+00:00       0.0  0.0    0.0     0.0       0.0  0.0   0.0   \n",
       "2021-04-15 12:00:00+00:00       0.0  0.0    0.0     0.0       0.0  0.0   0.0   \n",
       "2021-04-15 16:00:00+00:00       0.0  0.0    0.0     0.0       0.0  0.0   0.0   \n",
       "\n",
       "                           ROC  \n",
       "Time                            \n",
       "2021-04-15 00:00:00+00:00  0.0  \n",
       "2021-04-15 04:00:00+00:00  0.0  \n",
       "2021-04-15 08:00:00+00:00  0.0  \n",
       "2021-04-15 12:00:00+00:00  0.0  \n",
       "2021-04-15 16:00:00+00:00  0.0  \n",
       "\n",
       "[5 rows x 31 columns]"
      ]
     },
     "execution_count": 103,
     "metadata": {},
     "output_type": "execute_result"
    }
   ],
   "source": [
    "# Fill NA\n",
    "\n",
    "for symbol in range(0,len(selected_symbol)):\n",
    "    df[selected_symbol[symbol]].fillna(0, inplace=True)\n",
    "\n",
    "df[selected_symbol[0]].head()"
   ]
  },
  {
   "cell_type": "code",
   "execution_count": 104,
   "id": "e27ecb3c",
   "metadata": {},
   "outputs": [],
   "source": [
    "import seaborn as sns\n",
    "import pandas as pd\n",
    "\n",
    "volume_list = ['MFI','OBV','EFI','CFI','EMV','VPT','VWAP']\n",
    "trend_list = ['SMA','EMA','WMA','ADX','TRIX','MI','CCI','SAR','STC']\n",
    "momentum_list = ['RSI','STOCHRSI','UO','STOCH','STOCHD','WILLIAMS','AO','KAMA','ROC','OBV']"
   ]
  },
  {
   "cell_type": "code",
   "execution_count": 105,
   "id": "68492d43",
   "metadata": {},
   "outputs": [
    {
     "name": "stdout",
     "output_type": "stream",
     "text": [
      "------\n",
      "Corr for EURUSD\n",
      "------\n",
      "           MFI       OBV       EFI       CFI       EMV       VPT      VWAP\n",
      "MFI   1.000000  0.079241  0.512788  0.024792  0.633447  0.096458 -0.052871\n",
      "OBV   0.079241  1.000000  0.035978  0.965201  0.160670  0.978985  0.902190\n",
      "EFI   0.512788  0.035978  1.000000 -0.007213  0.678981  0.085288 -0.115248\n",
      "CFI   0.024792  0.965201 -0.007213  1.000000  0.146632  0.966730  0.907396\n",
      "EMV   0.633447  0.160670  0.678981  0.146632  1.000000  0.207573 -0.014915\n",
      "VPT   0.096458  0.978985  0.085288  0.966730  0.207573  1.000000  0.898345\n",
      "VWAP -0.052871  0.902190 -0.115248  0.907396 -0.014915  0.898345  1.000000\n",
      "------\n",
      "Corr for GBPCAD\n",
      "------\n",
      "           MFI       OBV       EFI       CFI       EMV       VPT      VWAP\n",
      "MFI   1.000000  0.224310  0.601938  0.046663  0.580299  0.145028 -0.197102\n",
      "OBV   0.224310  1.000000  0.179473  0.442647  0.081115  0.569312 -0.016192\n",
      "EFI   0.601938  0.179473  1.000000  0.068105  0.565511  0.202922 -0.174849\n",
      "CFI   0.046663  0.442647  0.068105  1.000000 -0.126176  0.964977  0.353787\n",
      "EMV   0.580299  0.081115  0.565511 -0.126176  1.000000 -0.043110 -0.134057\n",
      "VPT   0.145028  0.569312  0.202922  0.964977 -0.043110  1.000000  0.355053\n",
      "VWAP -0.197102 -0.016192 -0.174849  0.353787 -0.134057  0.355053  1.000000\n",
      "------\n",
      "Corr for GBPUSD\n",
      "------\n",
      "           MFI       OBV       EFI       CFI       EMV       VPT      VWAP\n",
      "MFI   1.000000  0.204400  0.579877  0.000803  0.731067  0.095815 -0.066220\n",
      "OBV   0.204400  1.000000  0.106672  0.020465  0.090857  0.172210  0.007893\n",
      "EFI   0.579877  0.106672  1.000000  0.047787  0.684100  0.156350 -0.081926\n",
      "CFI   0.000803  0.020465  0.047787  1.000000  0.002410  0.974769  0.802246\n",
      "EMV   0.731067  0.090857  0.684100  0.002410  1.000000  0.080349 -0.201029\n",
      "VPT   0.095815  0.172210  0.156350  0.974769  0.080349  1.000000  0.796703\n",
      "VWAP -0.066220  0.007893 -0.081926  0.802246 -0.201029  0.796703  1.000000\n",
      "------\n",
      "Corr for USDCAD\n",
      "------\n",
      "           MFI       OBV       EFI       CFI       EMV       VPT      VWAP\n",
      "MFI   1.000000  0.102108  0.592045  0.114836  0.703711  0.100701 -0.219317\n",
      "OBV   0.102108  1.000000  0.028224  0.918716  0.054528  0.907689  0.536525\n",
      "EFI   0.592045  0.028224  1.000000  0.018804  0.670988  0.050674 -0.164528\n",
      "CFI   0.114836  0.918716  0.018804  1.000000  0.072719  0.942445  0.552709\n",
      "EMV   0.703711  0.054528  0.670988  0.072719  1.000000  0.043951 -0.227183\n",
      "VPT   0.100701  0.907689  0.050674  0.942445  0.043951  1.000000  0.676992\n",
      "VWAP -0.219317  0.536525 -0.164528  0.552709 -0.227183  0.676992  1.000000\n",
      "------\n",
      "Corr for USDCHF\n",
      "------\n",
      "           MFI       OBV       EFI       CFI       EMV       VPT      VWAP\n",
      "MFI   1.000000  0.198967  0.569279  0.224140  0.634518  0.163491 -0.290581\n",
      "OBV   0.198967  1.000000  0.073736  0.672785  0.163973  0.893914  0.250266\n",
      "EFI   0.569279  0.073736  1.000000  0.094299  0.646994  0.106871 -0.215307\n",
      "CFI   0.224140  0.672785  0.094299  1.000000  0.199757  0.729137 -0.067891\n",
      "EMV   0.634518  0.163973  0.646994  0.199757  1.000000  0.217532 -0.123400\n",
      "VPT   0.163491  0.893914  0.106871  0.729137  0.217532  1.000000  0.400064\n",
      "VWAP -0.290581  0.250266 -0.215307 -0.067891 -0.123400  0.400064  1.000000\n",
      "------\n",
      "Corr for GBPJPY\n",
      "------\n",
      "           MFI       OBV       EFI       CFI       EMV       VPT      VWAP\n",
      "MFI   1.000000  0.216090  0.602889 -0.036416  0.704864  0.308084 -0.007599\n",
      "OBV   0.216090  1.000000  0.071909 -0.693468  0.205976  0.901097  0.120564\n",
      "EFI   0.602889  0.071909  1.000000  0.082437  0.689169  0.150880 -0.167206\n",
      "CFI  -0.036416 -0.693468  0.082437  1.000000 -0.069938 -0.509584 -0.094188\n",
      "EMV   0.704864  0.205976  0.689169 -0.069938  1.000000  0.269706 -0.190181\n",
      "VPT   0.308084  0.901097  0.150880 -0.509584  0.269706  1.000000  0.228918\n",
      "VWAP -0.007599  0.120564 -0.167206 -0.094188 -0.190181  0.228918  1.000000\n",
      "------\n",
      "Corr for USDJPY\n",
      "------\n",
      "           MFI       OBV       EFI       CFI       EMV       VPT      VWAP\n",
      "MFI   1.000000  0.088479  0.542083  0.155155  0.708786  0.097823 -0.004569\n",
      "OBV   0.088479  1.000000 -0.013213 -0.118620  0.106790  0.924558  0.874535\n",
      "EFI   0.542083 -0.013213  1.000000  0.089249  0.675367 -0.028736 -0.137172\n",
      "CFI   0.155155 -0.118620  0.089249  1.000000  0.183080  0.073295 -0.050490\n",
      "EMV   0.708786  0.106790  0.675367  0.183080  1.000000  0.120741 -0.033770\n",
      "VPT   0.097823  0.924558 -0.028736  0.073295  0.120741  1.000000  0.939829\n",
      "VWAP -0.004569  0.874535 -0.137172 -0.050490 -0.033770  0.939829  1.000000\n"
     ]
    }
   ],
   "source": [
    "# Volume\n",
    "\n",
    "for symbol in range(0,len(selected_symbol)):\n",
    "    print('------')\n",
    "    print('Corr for', selected_symbol[symbol])\n",
    "    print('------')\n",
    "    print(df[selected_symbol[symbol]][volume_list].corr())"
   ]
  },
  {
   "cell_type": "code",
   "execution_count": 106,
   "id": "a6fbf432",
   "metadata": {},
   "outputs": [
    {
     "data": {
